=== DATASET INFO ===
Samples of X_train dataset 2560
Samples of X_test dataset 640
Samples of y_train dataset 2560
Samples of y_test dataset 640

=== MODEL PREDICTIONS COMPARISON ===
LinearDiscriminantAnalysis
In-sample: True
Test predictions: True


QuadraticDiscriminantAnalysis
In-sample: True
Test predictions: True


LogisticRegression
In-sample: True
Test predictions: True


GaussianNB
In-sample: True
Test predictions: True


KNeighborsClassifier
In-sample: True
Test predictions: True



=== MODEL COEFFICIENTS ===
LinearDiscriminantAnalysis


- coef_: [[ 0.81020182 -0.25509109 -0.02597723  0.01737212  0.23328399  0.06932802
   0.36582449 -0.04958442 -0.08327417  0.04290928  0.04662934]] 

- intercept_: [0.10899716] 

- covariance_: [[ 0.77998276 -0.29321423 -0.28988186  0.33921409  0.32965147 -0.27400118
   0.43809293  0.27007243 -0.31062814 -0.21450372 -0.07323   ]
 [-0.29321423  0.93006391  0.73517881 -0.39009735 -0.32195095  0.45802684
   0.09493708  0.11345468  0.31304343  0.23520374  0.04208835]
 [-0.28988186  0.73517881  0.93334199 -0.31368572 -0.33014768  0.37419603
   0.02412058  0.24146858  0.24982019  0.20443947  0.04177604]
 [ 0.33921409 -0.39009735 -0.31368572  0.91932382  0.77769448 -0.12942208
  -0.03239098 -0.05951943 -0.17720866 -0.14784585 -0.04960233]
 [ 0.32965147 -0.32195095 -0.33014768  0.77769448  0.91175206 -0.11925099
   0.01165817 -0.1587498  -0.16609566 -0.14825051 -0.02481927]
 [-0.27400118  0.45802684  0.37419603 -0.12942208 -0.11925099  0.95275676
  -0.28011282 -0.20284288  0.59204196  0.40790096  0.0437551 ]
 [ 0.43809293  0.09493708  0.02412058 -0.03239098  0.01165817 -0.28011282
   0.90314679  0.70044957 -0.31356713 -0.18852954 -0.08682247]
 [ 0.27007243  0.11345468  0.24146858 -0.05951943 -0.1587498  -0.20284288
   0.70044957  0.97022761 -0.22195788 -0.20292192 -0.09132436]
 [-0.31062814  0.31304343  0.24982019 -0.17720866 -0.16609566  0.59204196
  -0.31356713 -0.22195788  0.94056628  0.68280593  0.08384638]
 [-0.21450372  0.23520374  0.20443947 -0.14784585 -0.14825051  0.40790096
  -0.18852954 -0.20292192  0.68280593  0.97446364  0.04935627]
 [-0.07323     0.04208835  0.04177604 -0.04960233 -0.02481927  0.0437551
  -0.08682247 -0.09132436  0.08384638  0.04935627  0.99909167]] 

- means_: [[-0.48890126  0.27564079  0.26910326 -0.29605026 -0.30963146  0.22654925
  -0.32437681 -0.17984552  0.25410269  0.1665606   0.03141345]
 [ 0.45002389 -0.25372186 -0.2477042   0.27250838  0.2850096  -0.20853408
   0.2985824   0.16554423 -0.23389647 -0.15331572 -0.02891546]] 


 ---------------------------------------------------------------------------------------------------- 

QuadraticDiscriminantAnalysis


- covariance_: [array([[ 0.75013471, -0.25097101, -0.25384205,  0.29565017,  0.28686077,
        -0.25604146,  0.423219  ,  0.26256539, -0.28380404, -0.20671235,
         0.03560597],
       [-0.25097101,  0.93313802,  0.73100893, -0.35578869, -0.28667856,
         0.46819072,  0.13476745,  0.14904705,  0.29382583,  0.22588674,
        -0.02090117],
       [-0.25384205,  0.73100893,  0.93518421, -0.28563783, -0.29631704,
         0.38043523,  0.04498676,  0.26311255,  0.24009926,  0.19615468,
        -0.02540114],
       [ 0.29565017, -0.35578869, -0.28563783,  0.92840418,  0.77966254,
        -0.07011204, -0.08038682, -0.09679859, -0.15669859, -0.14422132,
         0.01674931],
       [ 0.28686077, -0.28667856, -0.29631704,  0.77966254,  0.91747943,
        -0.06610597, -0.02391351, -0.17401292, -0.14526794, -0.15048754,
         0.05803678],
       [-0.25604146,  0.46819072,  0.38043523, -0.07011204, -0.06610597,
         0.974157  , -0.28503121, -0.20673914,  0.56176153,  0.40410071,
         0.00567994],
       [ 0.423219  ,  0.13476745,  0.04498676, -0.08038682, -0.02391351,
        -0.28503121,  0.93255916,  0.73425318, -0.29326941, -0.19159257,
        -0.01218547],
       [ 0.26256539,  0.14904705,  0.26311255, -0.09679859, -0.17401292,
        -0.20673914,  0.73425318,  0.9965512 , -0.19435305, -0.19917369,
        -0.06849749],
       [-0.28380404,  0.29382583,  0.24009926, -0.15669859, -0.14526794,
         0.56176153, -0.29326941, -0.19435305,  1.04277803,  0.75207912,
         0.03610616],
       [-0.20671235,  0.22588674,  0.19615468, -0.14422132, -0.15048754,
         0.40410071, -0.19159257, -0.19917369,  0.75207912,  0.95217414,
         0.02978488],
       [ 0.03560597, -0.02090117, -0.02540114,  0.01674931,  0.05803678,
         0.00567994, -0.01218547, -0.06849749,  0.03610616,  0.02978488,
         1.03651041]]), array([[ 0.80862665, -0.33253601, -0.32348889,  0.37982054,  0.36953188,
        -0.29094309,  0.45244099,  0.27738757, -0.335784  , -0.22199713,
        -0.17351481],
       [-0.33253601,  0.92863092,  0.74012073, -0.42226147, -0.35489979,
         0.44935952,  0.05841894,  0.08086509,  0.33120174,  0.24413245,
         0.10012839],
       [-0.32348889,  0.74012073,  0.93304779, -0.33997256, -0.36178181,
         0.36901521,  0.00495114,  0.2219096 ,  0.25914264,  0.21237193,
         0.10367002],
       [ 0.37982054, -0.42226147, -0.33997256,  0.91234644,  0.77705074,
        -0.18420658,  0.01173673, -0.0252963 , -0.19635262, -0.15140393,
        -0.11074821],
       [ 0.36953188, -0.35489979, -0.36178181,  0.77705074,  0.90784947,
        -0.1683458 ,  0.04441657, -0.14493968, -0.18551532, -0.1464141 ,
        -0.10111893],
       [-0.29094309,  0.44935952,  0.36901521, -0.18420658, -0.1683458 ,
         0.93449011, -0.27600642, -0.19956126,  0.62080164,  0.41201125,
         0.07886596],
       [ 0.45244099,  0.05841894,  0.00495114,  0.01173673,  0.04441657,
        -0.27600642,  0.87743112,  0.67038776, -0.33272039, -0.18599334,
        -0.15565025],
       [ 0.27738757,  0.08086509,  0.2219096 , -0.0252963 , -0.14493968,
        -0.19956126,  0.67038776,  0.94745564, -0.2476992 , -0.20667654,
        -0.11247181],
       [-0.335784  ,  0.33120174,  0.25914264, -0.19635262, -0.18551532,
         0.62080164, -0.33272039, -0.2476992 ,  0.84790076,  0.62007071,
         0.12791336],
       [-0.22199713,  0.24413245,  0.21237193, -0.15140393, -0.1464141 ,
         0.41201125, -0.18599334, -0.20667654,  0.62007071,  0.99644251,
         0.06744428],
       [-0.17351481,  0.10012839,  0.10367002, -0.11074821, -0.10111893,
         0.07886596, -0.15565025, -0.11247181,  0.12791336,  0.06744428,
         0.96615083]])] 

- means_: [[-0.48890126  0.27564079  0.26910326 -0.29605026 -0.30963146  0.22654925
  -0.32437681 -0.17984552  0.25410269  0.1665606   0.03141345]
 [ 0.45002389 -0.25372186 -0.2477042   0.27250838  0.2850096  -0.20853408
   0.2985824   0.16554423 -0.23389647 -0.15331572 -0.02891546]] 


 ---------------------------------------------------------------------------------------------------- 

LogisticRegression


- coef_: [[ 0.87358343 -0.28592693 -0.01971581  0.05550151  0.25704636  0.07790444
   0.40435162 -0.0532562  -0.07797707  0.06265874  0.04688898]] 

- intercept_: [0.12847411] 


 ---------------------------------------------------------------------------------------------------- 

GaussianNB


- theta_: [[-0.48890126  0.27564079  0.26910326 -0.29605026 -0.30963146  0.22654925
  -0.32437681 -0.17984552  0.25410269  0.1665606   0.03141345]
 [ 0.45002389 -0.25372186 -0.2477042   0.27250838  0.2850096  -0.20853408
   0.2985824   0.16554423 -0.23389647 -0.15331572 -0.02891546]] 

- var_: [[0.74952336 0.93237752 0.93442204 0.92764754 0.91673169 0.97336307
  0.93179913 0.99573902 1.04192817 0.95139812 1.03566566]
 [0.80802003 0.92793427 0.93234783 0.91166201 0.90716841 0.93378907
  0.87677289 0.94674487 0.84726468 0.99569499 0.96542603]] 


 ---------------------------------------------------------------------------------------------------- 

KNeighborsClassifier



 ---------------------------------------------------------------------------------------------------- 


=== CONFUSION MATRICES ===
Confusion Matrix for LinearDiscriminantAnalysis:

 ---------------------------------------------------------------------------------------------------- 

Confusion Matrix for QuadraticDiscriminantAnalysis:

 ---------------------------------------------------------------------------------------------------- 

Confusion Matrix for LogisticRegression:

 ---------------------------------------------------------------------------------------------------- 

Confusion Matrix for GaussianNB:

 ---------------------------------------------------------------------------------------------------- 

Confusion Matrix for KNeighborsClassifier:

 ---------------------------------------------------------------------------------------------------- 

